10815
10817
10818
10819
10820
10821
10823
10824
10825
10826
10827
10829
10830
10831
10832
10833
10835
10836
10837
10838
10839
10841
10842
10843
10844
10845
10847
10848
10849
10850
10851
10853
10854
10855
10856
10857
10859
10860
10861
10862
10863
10865
10866
10867
10868
10869
10871
10872
10873
10874
10875
10877
10878
10879
10880
10881
10883
10884
10885
10886
10887
10889
10890
10891
10892
10893
10895
10896
10897
10898
10899
10901
10902
10903
10904
10905
10907
10908
10909
10910
10911
10913
10914
10915
10916
10917
10919
10920
10921
10922
10923
10925
10926
10927
10928
10929
10931
10932
10933
10934
10935
10937
10938
10939
10940
10941
10943
10944
10945
10946
10947
10949
10950
10951
10952
10953
10955
10956
10957
10958
10959
10961
10962
10963
10964
10965
10967
10968
10969
10970
10971
10973
10974
10975
10976
10977
10979
10980
10981
10982
10983
10984
10985
10986
10987
10988
10990
10991
10992
10993
10994
10996
10997
10998
10999
11000
11002
11003
11004
11005
11006
11008
11009
11010
11011
11012
11014
11015
11016
11017
11018
11020
11021
11022
11023
11024
11026
11027
11028
11029
11030
11032
11033
11034
11035
11036
11038
11039
11040
11041
11042
11044
11045
11046
11047
11048
11050
11051
11052
11053
11054
11056
11057
11058
11059
11060
11062
11063
11064
11065
11066
11068
11069
11070
11071
11072
11074
11075
11076
11077
11078
11080
11081
11082
11083
11084
11086
11087
11088
11089
11090
11092
11093
11094
11095
11096
11098
11099
11100
11101
11102
11104
11105
11106
11107
11108
11110
11111
11112
11113
11114
11116
11117
11118
11119
11120
11122
11123
11124
11125
11126
11128
11129
11130
11131
11132
11134
11135
11136
11137
11138
11140
11141
11142
11143
11144
11146
11147
11148
11149
11150
11152
11153
11154
11155
11156
11158
11159
11160
11161
11162
11164
11165
11166
11167
11168
11170
11171
11172
11173
11174
11176
11177
11178
11179
11180
11182
11183
11184
11185
11186
11188
11189
11190
11191
11192
11194
11195
11196
11197
11198
11200
11201
11202
11203
11204
11206
11207
11208
11209
11210
11212
11213
11214
11215
11216
11218
11219
11220
11221
11222
11224
11225
11226
11227
11228
11230
11231
11232
11233
11234
11236
11237
11238
11239
11240
11242
11243
11244
11245
11246
11248
11249
11250
11251
11252
11254
11255
11256
11257
11258
11260
11261
11262
11263
11264
11266
11267
11268
11269
11270
11272
11273
11274
11275
11276
11281
11285
11286
11288
11291
11302
11303
11305
11315
11316
11321
11329
11333
11339
11341
11345
11347
11359
11362
11365
11372
11378
11381
11389
11392
11395
11396
11400
11405
11406
11417
11425
11434
11435
11441
11442
11450
11465
11476
11477
11479
11483
11485
11497
11507
11508
11509
11513
11516
11522
11528
11545
11555
11557
11562
11566
11567
11569
11582
11586
11590
11593
11599
11600
11605
11609
11626
11627
11630
11641
11645
11651
11657
11662
11663
11684
11687
11692
11701
11713
11717
11719
11722
11723
11724
11737
11743
11746
11747
11749
11752
11754
11758
11759
11764
11765
11766
11767
11768
11773
11776
11778
11782
11783
11792
11794
11797
11798
11802
11807
11812
11813
11816
11822
11825
11827
11830
11831
11833
11834
11863
11869
11873
11875
11885
11890
11896
11905
11906
11920
11921
11928
11938
11941
11947
11951
11963
11964
11965
11966
11968
11969
11970
11971
11972
11974
11975
11976
11977
11978
11980
11981
11982
11983
11984
11986
11987
11988
11989
11990
11992
11993
11994
11995
11996
11998
11999
12000
12001
12002
12004
12005
12006
12007
12008
12010
12011
12012
12013
12014
12016
12017
12018
12019
12020
12022
12023
12024
12025
12026
12028
12029
12030
12031
12032
12034
12035
12036
12037
12038
12040
12041
12042
12043
12044
12046
12047
12048
12053
12059
12067
12071
12079
12097
12103
12109
12115
12118
12121
12124
12130
12133
12137
12168
12174
12176
12181
12187
12193
12196
12210
12218
12223
12230
12232
12241
12244
12247
12258
12259
12266
12268
12277
12280
12281
12283
12290
12293
12294
12298
12299
12306
12311
12316
12317
